100
35
830568467 578631941 450853997 0 937076621 314875264 506895775 891388233 0 108262388 130007050 702547138 0 705235077 957619971 239351507 0 0 907542962 0 0 418766937 0 0 0 381488276 197038550 0 0 0 845374134 0 750651992 149182067 699287285
169
818734852 102348923 560620396 421653407 312814172 633313451 205564585 956864311 0 208123653 0 0 0 180824386 227030583 181989095 0 0 932083846 465259398 727980698 0 273304106 429304589 257420752 965280542 0 380926524 489647677 184447601 0 718627067 42761801 0 399116103 737102177 179648228 315323378 0 811080500 784170580 937194527 785713093 194658576 0 188555478 152344861 100835432 65965298 282185710 523930916 145361313 700335643 503043967 631237078 918551945 636796396 962549633 638149814 0 126788978 0 463562296 141640971 875364995 921353058 663734693 170476018 0 0 965800203 39342606 0 0 0 0 633344783 0 157680907 398347352 0 0 175520961 470473296 0 915789861 229479812 288227198 269442082 477153098 665611877 15445663 83605216 0 0 0 0 0 861672631 158603414 601865971 621378051 634087849 0 237919282 0 530261635 0 718177711 307569342 420823109 39093985 0 135322250 420673220 0 0 576664225 125142128 0 0 699903259 0 398462308 446970222 605476838 439720480 120286030 640244414 781881773 0 731113717 343558653 62045250 777627181 0 0 118319620 0 0 564276382 0 295160481 555115129 868204387 0 120060101 106706004 675061989 632774386 0 789110813 0 971675185 0 586373513 309469602 0 279145261 431266133 767691716 91424463 935312381 911701205 185315786 69542772 0 308047061 985836381
50
0 68641784 635783537 0 0 508241749 134750480 0 340924278 718398297 0 333963308 45449755 300986631 823143603 0 210481101 853422302 0 8640836 0 0 181624519 589412677 0 668047722 240503868 132716730 0 809620432 54861293 0 432671370 56368123 574057046 0 0 875547205 0 475097512 0 175619685 944534204 282877351 906144948 907903829 957791452 0 0 0
21
938981263 152279650 229033882 0 742303154 224071235 163685753 0 397503529 613459764 196929362 366255686 777170898 104233160 143186467 0 0 301525597 441406585 502489736 172198164
137
515512570 858236130 0 186445608 771616115 451193146 0 322400600 996897978 290748426 0 798853443 610912602 75238492 0 156483504 0 0 870085778 885511467 866648454 0 219196114 967003756 909367424 877593820 882976821 798810939 972241927 234084785 955895215 478045776 144001403 0 0 854381849 346085133 406544484 225359754 997590359 0 5753928 599437646 6412601 103363235 580673277 648063358 384473823 492778771 519302739 257746789 827095246 0 0 0 157128281 454427112 531053524 682626831 0 187448714 468404442 0 948995242 850570283 325109357 0 0 0 979752227 458729446 0 557362227 948212724 137393550 0 842605205 687614256 334448552 75775663 0 366990931 705111457 22840112 125739930 342939840 385744428 0 276937331 645975583 443946110 0 0 0 112356647 800353068 0 666432601 0 0 0 375227082 0 0 803012901 0 527464065 755908015 713937159 709601455 743761989 0 354199914 0 273903968 870940602 468152338 545025196 0 0 0 0 547665317 939138176 916424316 0 399693251 25135232 0 670836931 679204931 0 0 537906112 328501861 725550488 45242724
11
799953864 0 0 660730128 0 0 751624017 381281513 193126795 0 19884918
3
616707486 0 976688102
17
869664221 922685782 0 969178863 0 648787256 31764983 419817055 54461378 0 12172564 421625481 0 147429948 901161765 0 556612294
48
30107796 0 0 947018414 152691752 184253935 854507190 915344652 491675315 111058101 430555629 76011486 85656221 0 432488106 458880776 0 110944769 83519460 245251436 309171224 986990694 0 363825794 0 537278867 841355530 250949205 369225905 0 924086213 153323704 134375668 0 347230912 431777613 362972649 153972417 0 0 690786123 416202627 227225621 665964472 0 62892928 0 739396622
38
0 72385293 554757943 803350390 0 638348073 0 0 0 911541916 0 0 683257706 525410835 400328044 0 0 0 997342870 933235582 0 640775939 74961489 77998080 352585779 16378 676567959 703712848 219296580 276929279 862388509 824378127 792193349 0 327234666 0 563308833 0
185
305060867 343290807 495276424 0 871049940 480789266 293615392 296715732 33332885 0 355089556 0 844064035 952393134 939144926 156391217 0 0 123979546 727591374 463618837 643184991 540095787 0 940219454 470394195 609353701 815675620 121705927 0 740028484 70108796 0 808513618 307076254 0 0 0 15048153 593366834 479449257 0 0 956709772 410988958 0 0 0 134537259 0 522873349 0 0 0 161778512 572015829 524424457 0 604364972 329769784 492312043 731871292 944583679 0 0 0 0 241653139 128323903 0 0 98551361 485219959 340709219 175428445 118014510 728779263 177522611 382636393 710858415 121599746 153334128 216694350 689447509 0 848775125 0 0 69086200 0 834562348 0 89468510 387155594 777490642 553465502 826451987 61610641 680301834 0 0 907563068 95766839 886249518 267601517 0 227915171 314884993 0 609629482 0 858657661 605955208 0 864214712 427113291 838067282 0 23802370 140875655 315676136 117637802 928324720 0 590328973 971517169 144777092 928230163 265595786 735817461 0 0 815229689 234144468 0 41261314 175190054 903581527 688305621 0 903571309 305989812 0 0 695457878 169873425 0 125918609 237625830 415403019 833837562 0 650100661 0 54013681 0 740781132 0 607063382 593568336 0 0 729766499 882894821 321106487 597018132 0 734615456 611886561 481302723 410235568 393014591 0 750376257 314128718 338166741 461840552 376688412 825024470 872780254 0 0 0 869133061 324583094
198
0 241166684 360316721 0 105970915 618043148 262491224 191694060 451245124 478113433 631862472 723120952 888034883 0 0 0 740745907 0 446887347 0 636110662 0 371512999 0 0 13789737 232546275 227733285 73493953 195544055 0 470017638 0 876546055 0 239022314 956660812 0 870310109 0 814810849 998622229 0 669598961 0 652473183 195893998 0 667129512 0 137665324 142817968 210130728 0 237602220 49534239 654838820 891188512 726641256 0 551492029 709054170 654801262 0 0 79258506 703015709 604361757 167139198 322263132 321352272 99218487 351652343 478076848 0 58045419 0 123262400 586808472 567734216 0 364250 0 919452088 0 0 589162455 829700020 177780951 596235682 285785150 0 0 0 0 0 0 130224320 213310667 0 0 850097505 958920466 326326648 0 817030398 63737068 415290894 0 483615149 999853306 394374063 749531269 0 456711091 570335991 120090166 47619237 64373567 222903823 780221898 0 332084428 508915036 891929139 831165436 750005841 0 0 0 0 439470656 258757118 771933378 396124130 0 70365768 545420997 0 0 890641249 258532541 0 23103689 23454716 0 131141288 892355670 126419308 823396247 0 957781327 122174184 0 612154877 0 844547585 821354023 904874052 0 811962808 465845445 37802231 0 370089666 0 786731641 911394387 410635269 614053035 832779497 782465219 992569042 722165551 297807379 798876175 750925902 276742613 500708895 822019406 693048875 0 227647722 161350160 530137130 330508692 253675514 0 983192060 512172393 0 43417370 0 418107562 961161627 565687703 95546986 68303383
77
615532209 0 0 676544582 141045540 357992555 0 0 834787401 0 680748145 0 583028719 0 281399166 886580713 842599948 359789196 300664469 883186393 576961023 0 908844347 671343809 0 129625805 522918570 0 737411345 0 0 86492677 0 434088687 910303560 660599144 800916920 517231235 609242817 0 513168206 658465853 0 798969088 848704046 652352832 128723147 0 292680683 215864269 820661920 353056732 587145015 704195085 74886468 660089564 0 329132985 430995712 0 0 666097150 912516631 711331136 15278107 786976256 97963602 851816621 53427736 370649890 657549340 90009246 539115695 365230089 797620196 598408932 593401653
192
192515777 0 77934229 579666514 654855439 67233331 224451530 133290963 465853895 0 184211049 220210965 355822684 52607589 386490369 518099846 840370369 293748137 14298373 594617598 198109394 593049625 588793206 0 0 0 0 383948020 0 574255695 568912896 288789673 0 397224082 877911469 444539721 948953175 0 819969167 831827840 0 518462041 922386414 0 280529160 0 180277887 248766490 519408718 0 597026693 72066714 687393115 0 264099685 477215489 898748968 102729439 455665917 0 213628634 860510085 0 328950862 737141846 636070964 901608592 0 669417199 0 712619697 207472421 0 0 776566037 0 977447818 0 370010649 0 262215399 0 0 51730622 941594024 0 472713365 440365978 0 631861898 272205299 444045516 0 923195857 852041522 689277270 937001340 685455131 192158060 91157590 46174103 467352781 134515951 497486159 0 181396810 0 466134682 463040892 245707840 0 753878503 648605167 43414717 133964490 877788602 29537126 351666260 197215782 0 418580478 0 870621413 895737080 0 910281063 0 63213389 778515106 0 412235746 470195800 0 481266417 323947632 0 0 769316674 0 254910571 0 302201656 361093814 0 0 0 595909301 916527562 0 42630384 850290809 142539668 241293130 300851230 0 884464785 167578095 558349641 313815040 831025266 359374977 769446970 221926435 709878294 540732398 0 684440952 0 0 0 112983608 0 26895584 192836505 0 733905052 366762543 669443548 0 600719819 0 20540694 64559303 0 0 0 0 0 0 0 343340352 678360317
161
907567639 719547669 0 917452705 815462476 0 240038380 565551812 270096477 172886108 0 76657166 443254969 0 209461926 60173045 310521685 637975010 0 0 128231398 673866671 359559357 114769280 888014945 854044782 173305289 0 670713503 726943605 728747347 552200716 830023860 247870578 0 0 818488177 403155139 0 394993010 473830744 678918714 195397047 922448253 775174538 0 166959680 136399854 0 400824995 252978829 958156029 0 99662698 345925923 508129642 0 228666792 827844802 229872730 265637112 577745312 182140795 478105190 511876109 940797572 834348380 0 860156386 334620664 257386066 244226186 0 106291463 187631841 764943162 0 0 356522846 0 313175275 812170746 549003367 35048076 0 705224433 137487720 0 957251677 44818418 844210554 227637235 87541095 981034321 933569782 662985141 684400923 166740920 478596619 74193231 0 0 246575338 144163686 626215564 786145080 0 214518090 254080741 510032021 0 419003259 606558569 87235960 907965368 0 741837801 121174314 593353697 137332668 0 874927153 170366369 0 493428673 266810758 0 240368258 531803153 781240527 0 185071057 0 404991508 884326072 46414271 494491822 581278600 0 811992937 0 328373368 814475519 10944727 0 232939616 0 0 515141027 545610985 0 590414721 438446189 36728369 0 0 0 360382649 853057468 142013705 245925847
157
0 53916940 0 115127124 0 160359926 0 0 472497480 849369297 149348362 677482288 52088705 3203640 0 0 0 4611064 938116332 840497381 25019012 657972863 336797342 881795544 26804171 0 0 471555863 117612696 0 360835167 0 51661300 30178568 705646419 200808256 856181873 127912846 0 720795851 296599426 106384176 934291982 0 190574446 427368615 689233011 27694674 338667711 12245497 0 333561776 750580883 47377987 283807152 0 714013777 370883986 742065376 57183549 842543481 263157932 620626880 424362796 0 821882450 0 220802225 0 516943444 897664605 692103919 326520423 0 254115775 969987570 106858292 965984920 422261194 314724322 0 797186073 0 0 0 134928945 726765947 902764789 708863055 0 246232574 803382027 793108599 146282911 432088146 25123212 710509804 0 0 899985376 0 136175309 775900067 705059205 455564955 996960216 959117436 0 0 0 0 639184256 792794455 189228889 619430393 0 0 661332895 480535977 0 0 46796662 0 380024204 37422284 798304213 0 656630149 702413058 312611142 994185353 69030116 778070757 818723085 238658871 457044460 0 726964650 913666435 863336957 0 653412483 0 145933323 357909432 583101913 367609150 0 686030270 583096676 230656913 477183207 74897520 0 0 73541608 822222954
50
185210423 632853093 892516952 146864913 762165616 640599289 903860374 899982535 801667135 0 468681058 674561092 158649353 271859195 985054949 0 849236281 692872977 0 371826098 468016364 0 72581753 74696667 694503725 712722430 101725007 0 271201974 829725128 0 538964927 103950431 550948375 0 36575313 0 20707682 675732589 130201110 0 0 741781227 622062927 348052197 51336665 284643948 0 504482988 87769714
106
320815770 0 0 0 0 0 0 523439316 724350510 0 0 0 0 734040467 487698307 437377673 38783578 389350388 0 534959649 833921772 902002712 905135263 461256174 509539929 107295629 167612933 701109072 0 141528942 943507876 935648426 886272193 0 83541667 415698500 356495362 303819582 0 986071398 259259928 0 504455871 393002516 831972305 0 0 91485821 0 0 0 283006446 744125619 128198338 0 0 385079337 609794745 437484135 804527930 464194243 737588805 135769025 682433115 871917707 495984542 20017548 224210884 0 0 328195766 0 899914265 0 602000585 964921279 0 0 183062433 183058952 245908260 0 584960567 0 0 0 445047395 37693262 566461175 910075474 306292131 742173095 17285319 0 885969532 732318123 0 247297247 0 247572480 880338283 379493198 93621208 423366265 0 914365194
38
0 315350054 0 0 0 208316205 0 0 0 726452424 90546105 383700945 333730412 777826030 938666080 0 474748993 755550847 804100567 0 340708898 785675782 0 0 827332656 0 174828962 0 378107784 0 76765736 356391413 930063146 183764155 917621502 0 0 623145908
40
157204511 0 666215903 909939965 0 708121789 166389268 187936194 0 0 413578621 203432824 634947003 0 979522236 0 852952922 658520565 978244770 220636037 723879457 83486740 0 0 220908303 395673265 937538461 0 747534123 704500025 18692501 116684449 804806528 33908607 807089995 704888413 826179304 24310316 65379417 0
151
0 0 769568711 572869264 806826402 0 866404131 0 967524961 0 197282865 264878629 724634709 122565144 386360759 250899615 859464781 951308166 241379936 990576080 800403208 0 500833649 0 0 229456500 586128401 865802700 915859251 0 0 0 548785632 0 0 294420071 0 970290852 329432265 2209801 471378953 733705694 548088314 785275886 0 437486706 0 722384639 0 304035401 266471748 0 374373570 748238683 0 582829852 0 346721465 341355384 398786102 311987612 942053653 0 0 913810897 0 0 892009382 282129071 202826937 0 69485344 918230369 963423917 323750268 219588489 730210802 677288603 385267353 102306222 115075367 856891025 0 76517651 126612982 283051028 919959005 0 191876669 715060167 11445594 834790757 0 0 676027754 659807267 969985651 717991551 182914971 984507449 408068129 18307540 249417527 468772912 442586433 0 289483328 424816849 303407877 246806232 647009261 293393726 692094919 855952000 0 636995857 665239512 914418629 0 0 274460910 0 0 245366790 59344000 15875110 960545933 0 73285584 945091259 831436682 340376895 453718321 233251094 230360805 203583900 706047802 66189229 0 669791054 0 337897515 442733091 0 0 526497176 139052934 0 642255967 464756412 508636803
16
422518257 947545635 288170079 615583414 0 609143858 0 0 205720435 0 365279019 707109800 0 0 0 701119478
90
935495912 218986796 389770964 388117314 436013587 56741584 563200820 0 725644727 319348662 468796975 464813765 449820120 0 552279689 212979223 981244930 80693369 0 350313593 152995436 211940161 0 52203276 11077835 695436079 0 516654499 903112636 0 458431349 357168544 916081269 601943650 120236973 0 0 0 0 225094653 0 842020256 0 0 377322967 246491458 768689831 0 738564180 0 721362877 0 956859966 0 720709038 362005458 87414571 437593014 215401696 408415201 397516900 857879546 691170253 435937217 739630471 454966099 751932058 0 969345610 536529293 547515310 518006619 983938814 604083249 791363413 911468570 638412079 676359232 560728505 0 0 197490748 0 127953855 0 356579894 74018918 975545458 741664285 409657323
64
0 0 0 288234020 0 0 691289534 0 0 682502857 324003795 86199428 0 0 0 0 0 0 663015762 270251325 928745238 659052077 424469740 631753538 97954592 0 164346019 489037920 576294174 545033961 817118024 257011034 570452089 0 0 35919483 910906600 0 757137614 0 112654598 0 0 350896377 382622225 874101851 644320298 222487156 456346554 0 804449224 786388579 893012680 918217393 0 766930765 625458984 75647229 0 0 0 0 369207115 548413759
164
0 678672277 559223598 61737125 904514624 0 699877471 0 339876733 777538411 970867362 0 225378097 322941501 428091410 677219702 777190447 420628187 625476935 167432049 0 0 864982574 430956810 506293668 566331013 475260573 983021545 877419168 974382365 807232098 548987273 345713257 853296687 0 312743157 94765041 818461261 0 0 187315400 109098604 316195499 985869915 0 241329790 0 796591520 272772033 0 0 916982719 958032062 992102438 648956238 759952168 737690966 594434035 0 583485476 471120532 0 626606631 536284645 0 348009174 0 300604507 0 721313478 0 982499112 829603044 910044555 216080204 0 210329321 657035788 977569660 0 144949304 665901765 733358890 808492278 651637383 957279286 947540928 874126589 32886684 96092192 449904543 62015603 286809886 359932508 205545766 0 392538572 544711027 17841270 0 705313029 536320280 0 666969304 0 162989284 260781713 0 250161530 199093689 654773469 0 0 0 202829832 0 943696028 672602980 764155080 0 470953342 814581961 0 7851609 0 322490747 0 0 363721959 0 35072658 113215449 581234158 82800679 0 443807700 437316940 681151601 187474824 53863069 909932241 15889550 849575736 0 458586606 0 0 700622053 405717941 427265908 323441732 226102196 382939933 367539915 816681435 0 190394819 513265377 0 437244749 521569122 445342546 0 0
26
572523392 0 438206690 340960092 764035735 925658841 411073023 354731847 638376072 0 252826622 0 355208276 572154488 0 709803261 151410026 480219150 291031213 666435955 471928632 740339695 939595774 0 355485130 379617138
160
481777195 432380038 612057215 532384164 635737611 296096020 400181244 322865022 222479359 0 0 822653955 998699773 629875265 222511687 808429679 350965897 862831083 0 134170020 986803035 215095040 149728880 439801240 272499606 785009941 0 311337571 318186457 898743523 781029022 547326310 916970645 859562697 280687389 58902514 749562852 182241750 239005629 433679354 222547185 0 348370699 590086998 0 0 172842875 109531547 0 621461186 0 923475570 393681590 784270591 0 904693603 830795609 510395251 854827798 771281286 702748504 592759048 0 0 19402230 853849736 0 243210764 397028429 356792021 343113501 39460795 0 843275466 263029281 0 0 122203793 626664583 570399471 0 735767325 597645277 466069454 0 10580630 0 456037336 655260623 0 975963413 845953921 0 0 579022173 0 58782098 615106038 338188263 232891869 0 0 619365652 0 559863740 445196514 131529284 958758230 294341234 0 429883175 0 0 737754679 0 0 749739401 823058714 0 932711359 797562462 632132540 563616050 0 295456996 0 275650032 0 230914057 0 238464628 0 510275666 868446356 320786573 549945323 425800730 293209342 703710729 541801985 501361658 264064493 708638094 0 460561659 688676183 920952590 0 319117843 183672315 277264068 208827811 529202238 0 0 0 942683210 241027519 329592064 363405607
196
0 0 777400924 923327723 608492490 692307679 877431403 0 0 386772933 839430527 518729627 0 294906276 646130343 908938601 0 503707905 851104205 903005348 0 881902380 0 39559155 0 402143066 329274905 607233568 280767804 0 644700192 398679934 526440942 794387115 0 450667278 376087281 0 0 0 641281852 0 0 206511201 739079323 850902478 419400184 0 621712148 0 747887600 705334577 465948925 0 882948767 0 0 0 275018654 963687937 0 0 184018049 210800812 461216146 901808073 153897601 243475052 860150411 0 742277577 710919122 815742259 0 271966352 322640499 793770091 382201601 269865032 870909586 130130643 716573814 932402608 0 363177314 12262547 0 0 330177243 423170064 229616519 714556813 0 605350003 51973924 418861881 652692402 691215415 644265064 0 690958306 416044649 451642982 193254631 819618504 432685897 231371086 0 0 532362733 126238941 768234606 661020556 911933209 640198394 490692615 548377964 0 797708998 159569794 0 935726144 591629396 0 352709670 161445050 580938655 191377436 768854820 877568321 423586173 239557401 484746665 332414949 0 55750097 0 0 355152804 956130253 885639256 907622466 933956400 296964265 70933276 968062394 119800907 174395010 303307268 910314478 243313916 448973158 27026293 0 859366593 0 314139398 884582816 559915682 0 691833460 444219688 272230688 911764227 0 796665489 289832844 694473828 0 280525111 0 745181576 760642124 0 469781980 0 578414740 765381531 697663209 317336681 734297023 54193792 0 879094388 964577438 808719453 800884201 0 0 2847500 0 0 374788528 611508472 651250074 274058951
15
384903754 0 595842940 765545135 0 0 638401588 473982266 0 0 274750494 0 469655848 0 29967669
103
462451733 432842770 0 201644689 173253883 0 767042635 0 667271991 64182869 438223561 87016660 0 624288837 0 102178212 516175902 905827921 252277404 620395947 389463605 126817224 0 988984494 170537026 0 508151006 183482441 255441976 0 0 407606590 97475669 662145227 0 684208677 942824787 0 583976498 528927283 10172072 30587789 585868077 109773163 0 475536146 0 0 346646408 0 225303602 0 197862808 292727656 323999041 0 365154125 362798503 646904278 21185747 0 612902797 0 462344609 116991281 0 271979209 0 635723758 883510974 697558786 879087620 0 0 0 990934306 0 955101939 235343013 0 614837365 706268072 443901326 0 740715145 0 0 0 0 494671990 564051928 995907829 582127708 852001954 418126764 90982649 0 826278836 903133502 880545455 422908404 939567841 234762339
42
0 0 449113037 636223232 507465875 0 0 0 51512980 734577194 148175261 183005824 0 348585788 0 688857612 913388040 905044345 31899554 136748403 641191016 272357101 613078325 1002315 0 454723166 419182639 259701 268614343 0 21017276 0 477861265 491595197 776862305 812375284 790244665 466926610 15631998 948318992 275956966 0
51
0 747449608 436707003 0 0 396366954 206698353 548303797 766481405 879632421 965966947 484843701 796988427 0 740245879 794547832 0 0 991246221 0 446206000 810844430 800353521 225112641 0 0 579692703 614022472 0 0 42819458 638803513 590322613 880628745 730649640 877224345 879742770 0 132426507 617042133 955143737 592924699 0 174408251 568827941 731226034 0 0 143546377 863601239 0
79
146661399 714642544 0 857001912 0 643913811 811667652 477679461 48821642 207472408 0 300074801 0 702173399 381043645 908832930 0 540409120 439463154 244978928 0 508834518 0 0 474943367 631249996 21326898 0 198475868 0 407177436 0 0 0 733581774 466762576 377914754 0 22200725 88630582 529333316 221590021 995855685 357612754 0 406599329 120336844 855131594 935255214 0 225550172 835051404 429946286 0 511250898 465808708 523308488 981444920 917358002 126185123 912595238 774378033 0 370832243 956715434 937869311 0 0 448311863 687010446 0 184337864 639603158 0 111922001 730749086 0 169535311 0
68
28860370 0 0 117549682 511463959 741538155 0 383411412 973498643 23890259 780121160 0 461467433 858354272 140532385 501148362 534480570 392289279 846076776 0 37154115 525441966 0 0 76238208 574427624 989907311 465929194 0 839513 629095546 0 470534889 436752873 161151406 620886245 855625633 531260131 242954769 0 925533296 47763229 347541505 247248462 213586853 0 934817143 712090786 340984329 947154021 960580762 631937207 520917884 917263863 940308603 558602063 390325853 0 0 70426881 620470823 936476013 0 172065618 885617863 56042082 869316938 498409231
184
404701419 92197697 0 614707524 156389145 0 681261426 0 958123429 82190162 161572551 703235625 0 270731769 654137703 173396970 759968844 0 915074655 299337168 0 134183887 754988210 0 212012188 0 0 0 0 339274603 0 153482888 316248803 140276722 536390134 0 194324623 816625285 682136150 12446037 969985931 781397758 591395614 372641171 0 698869982 0 401455352 332530217 836195722 518222726 647572909 52736724 0 0 918288061 507426343 872801696 0 520789662 525966708 114735193 0 0 0 902854804 660391186 0 351085863 812424520 10810725 974876755 208325218 0 191689638 724832535 401248333 678973397 0 281070673 732032391 449747043 902206732 0 0 980161116 840658491 0 366943596 489765549 790743945 81702878 0 12706489 103722818 0 799504773 771036011 74679431 0 902075371 0 1304967 922070633 0 815509017 459396659 29832218 73177738 823949833 362021947 0 373946493 882098856 0 0 364541352 776151483 45384181 235785028 708669609 650136824 866958149 203162064 983254800 714447451 0 0 361065192 871653564 0 189247677 960675918 30672755 0 0 0 0 72021441 324819358 567453111 564421230 906953001 0 48268358 980988476 787729129 238090157 428005604 0 16209038 215702079 632720690 453100516 824252158 0 0 593245008 0 715996940 137383841 0 669543561 543160571 0 423091685 367247421 751644134 996712640 0 853627977 374669083 551081576 380362315 0 0 238921225 88276435 0 84500267 960745012 652953033 828959735 0
46
700240788 56563564 91345270 0 0 736221547 0 389119791 94281640 0 826128354 294843634 398353437 0 747989905 0 842792705 0 251884401 12902155 513807356 610912444 236269870 0 0 173870369 477829094 637023747 87623449 0 751321640 613937984 173428491 347293247 19645040 297996290 0 33551584 862631283 92467413 0 18965225 271422545 648393598 521984780 755626411
36
0 0 0 665996000 242598303 0 0 892152101 604505447 0 468270688 0 819015157 606752554 934493440 0 303392964 824804766 161077409 221029528 686257349 293377236 143188942 688388338 871001262 154999766 471110238 855085455 486951340 273188447 887166853 0 0 657852966 579887047 224236735
96
136260990 961318464 431423209 809764801 588532679 448864428 0 968765148 0 918170119 271338567 0 628137510 158532727 0 687626386 0 0 0 0 917095349 937986197 337746128 0 0 0 430358289 165757436 464970400 411390707 829110768 854611549 703273627 380436779 572608043 874858087 850499606 0 586620585 844289698 96015557 196409806 463888192 992155945 0 95966348 297359907 996961090 31357796 224186328 944687234 880425586 216939390 0 0 263507655 996924074 258161371 822395300 858717486 260408059 951951336 733207623 928221923 875855040 0 0 778997219 101841594 477171485 0 0 116166562 714573054 671071952 0 67685845 0 219509583 646578887 578938355 0 706737351 827389973 0 692686460 970101984 0 371196831 0 699865320 208060832 0 578107279 477560072 600834499
172
970649452 929964845 150273124 409001225 0 480768476 574374533 0 702852841 988823701 511390254 333878987 492696654 805731547 799997001 125400965 879625848 0 860154967 0 0 0 453148925 359025681 474431781 100999912 375632783 702840638 42676775 589197556 0 173607715 0 617902151 237611466 117831120 792265639 0 0 149467487 0 564000587 14997254 0 701722625 0 0 506415883 399469606 885519224 502209020 572649090 252569073 149596097 0 435770011 578147280 853157449 968203818 781422511 0 332538131 235092284 0 995192041 0 319537881 151664695 60935702 645006620 465336078 423263358 167740356 243770519 0 163310273 132433521 0 533539156 444202462 0 652624349 779519816 987476266 0 588003542 0 0 165588838 0 193347863 860452237 218532314 0 786950977 204750423 163613473 0 0 0 979952795 711491147 25619004 395370882 716861306 176114916 339018291 951819615 618662678 93816041 241106106 583745347 5988715 0 542949025 315442929 991753710 0 687990829 3420279 488655633 611194815 45173602 0 606697152 426857331 274258342 268560102 378446854 0 61069251 442143322 927559679 0 26735123 330126712 145635496 0 833439292 714130946 866652716 226042189 820399787 0 478771694 0 0 834358190 221338915 170922830 497321553 531296823 967021401 0 521721929 89960445 245809377 0 401048078 0 158935330 935599669 776851556 179960260 0 929799354 0 647777877 0 220975750 484368801 907820957
76
912925942 295081796 0 702395116 0 0 72379936 820442088 671857218 260811009 770818502 817462006 0 0 0 833370553 0 618358446 765292644 570444772 339516121 526326944 84514377 16233014 0 851648580 553808756 141708268 820690811 905929389 333643402 773415232 218844721 0 673310992 814463878 0 103598369 902398471 769403495 533540951 0 0 514178928 811682592 976137339 725555496 371405773 962157271 261224221 413959813 895579009 181401383 650034189 53813935 269086303 0 985642917 579734481 67001183 979436132 249742650 558896124 590437097 161746428 628047768 699497672 0 14378746 0 251056411 374543421 0 111432137 0 690808631
167
196877557 5521817 816354892 0 334673782 836061433 507763283 520242532 713788384 999825066 858712259 115372333 0 147667909 33351123 251155516 0 42062767 162696062 548452692 346266210 0 0 0 0 139969406 313349367 871119627 559545851 0 0 147134656 89272165 0 490074229 65729533 39368931 861530406 567555244 678607698 170082005 561856929 322210346 0 927770730 197347961 919428619 0 989882853 841473369 495434431 75620141 912541202 0 0 455245139 236520250 0 0 103962972 320204505 0 364509871 736093751 694335335 0 819166292 0 557715144 667949582 998764435 0 234849165 69460846 717153116 123426750 155849441 551714349 269455034 0 428446503 0 0 654711351 0 290389294 0 877212313 120052309 891666736 0 422031546 277633430 0 14886551 730940034 199175653 476658523 0 0 960433653 869119401 864571402 803503544 0 708511930 333648495 0 285197105 324620086 570534054 0 46239737 0 325640662 642504626 409012110 840401258 245348519 640420385 28025613 0 0 607830655 760495160 957359943 856404831 0 89123409 565424494 0 0 288907229 0 828075117 0 0 0 0 0 0 364438828 297722313 667378391 245759850 199926205 938591927 970926854 0 248671412 0 603909446 857544960 0 0 597809955 0 395911204 845216500 0 172162815 92570588 260078320 281485354 504641526 0 0
182
13318507 157039835 91821079 712415278 307205812 939104180 908179416 137167768 613072007 825009226 0 974758359 629061857 699004954 952695895 832249167 0 185507078 0 529501851 935075732 582596663 0 0 818007962 530708901 676338252 861432524 838903015 709266826 370549011 982770693 896507875 506010515 0 0 0 0 0 841694098 190843305 553206646 640713299 276839154 542329165 2385017 926900674 951381467 247097395 0 156601633 0 179540203 0 563617748 973994010 997642032 792905657 838360703 456732459 659983879 257581922 0 0 484226655 0 0 117604213 0 0 0 23865575 78179859 244399173 0 0 75668022 171011901 0 731695589 748085185 0 996062187 833969854 0 0 618998886 861591733 112911519 558014195 796643625 0 674071009 430446605 703097691 497249477 820498382 0 299392655 0 773919210 747995498 885485735 0 278425109 0 443528619 7032183 631956952 0 0 0 0 139582557 180274014 680664442 484845182 975756686 74588927 567669518 0 942625534 785257506 830305778 690880844 0 483457108 573822009 735580802 615139307 0 273544953 818936910 376677052 520635078 0 0 156427499 839299428 0 0 0 82686093 819084879 104181461 126996098 215129475 504585851 348975281 132192664 0 398254918 26457914 437888010 839946080 0 606647206 117207381 118668436 200583848 686295933 0 0 145235786 649785031 408332011 482798061 687411110 761929854 400284509 286187869 0 267854775 0 0 166017871 430596003 0 0 482978478 176841630 0
63
0 713217339 48391137 0 488914310 0 362247912 307813675 822456679 919057952 439891264 8475498 213742777 94952591 0 0 85293638 984262504 5109280 0 237128829 50780097 91688823 0 0 0 829021342 703299878 21929018 577515186 0 612878065 690371284 551410262 974921093 355117747 470183171 575494514 394832805 0 0 83146291 755556040 243911751 276125834 57860979 948310363 18108132 705615177 651246041 10670870 518079194 156329803 589018696 0 807512958 897844080 0 492098870 0 0 586661187 417068900
109
304709069 609321686 655233811 366125460 0 634201951 694638189 70494712 0 634311088 530658662 24958224 847231544 664407909 0 612631374 0 607744037 157084238 40781466 0 965265352 981498721 522613086 377321949 204331041 989634830 661682028 322850846 755124964 604125098 0 0 587078401 779683268 449033859 687490913 784028969 372688215 388235350 522554720 337964844 430147572 379591983 155593190 162901183 458046727 0 0 928545348 215143291 0 0 90274451 0 110226079 0 165809447 371818558 468213308 0 436653109 67180699 0 984896676 0 0 376404514 290964170 0 0 915587531 808051715 839679864 238345724 205272200 946235190 0 372614518 818418600 0 29832458 850014092 508689830 25403240 0 201803731 0 629137030 871303528 102985954 517112337 0 0 463752354 562975601 530978636 866402501 386941626 993053520 10403639 27960529 959260739 749795762 311274882 219314101 900476604 931048618 434440399
75
0 684273947 911883426 219357406 0 735774803 438823957 829472456 0 744693754 291465340 859275268 6174445 594986964 0 0 0 0 945067271 0 0 382824322 912885341 167037414 486499461 0 0 0 0 757900266 0 98248059 0 0 0 747467160 650975778 271895277 26404719 565354349 0 612588470 123540578 695196648 20643681 832927538 782617797 966958759 409621264 150725862 0 162649638 399074567 169353544 302924300 560304997 413620262 522095063 461873034 966672933 858465225 426204412 467915918 0 0 259311992 848023707 0 139072823 949538688 647690116 410702575 345255584 591973337 0
101
0 0 432810700 819951988 250153755 0 747551078 965716819 117263552 979448629 337913400 448069030 779374480 174472393 949903527 359390820 222332386 0 0 0 0 799768278 511223924 338491829 376249759 286810198 898300633 866128190 0 853220402 717907956 0 24092803 0 613755252 670788533 0 750727714 156754609 0 880730316 446552308 0 0 507179747 0 433482679 0 778133950 305460770 309736390 348634992 639440015 119320458 628605535 0 931613984 390092519 961231062 0 519703170 599483347 0 0 152001752 0 558179626 0 243313229 0 403780054 209490661 0 71974365 716651601 0 891144779 0 0 825088719 944195047 654562712 288021136 0 0 219357133 0 158921878 402282231 0 901800265 829614986 307584769 0 894855219 688948709 587192252 544969171 133424234 0 936960669
152
764770408 0 0 422516069 352728471 0 0 0 474008412 127384795 619101232 281781713 696441273 0 981398963 0 707093989 0 359324937 807207802 0 787054336 444532561 111179002 563634070 765380386 0 128838737 678513767 88287694 624331149 307314857 0 0 303534863 22405734 0 0 0 735772676 0 844804733 594651560 106808364 0 686394870 315836488 0 885407049 534021989 100575739 503875057 0 767854217 569262041 271953986 727077937 0 580461073 0 205428543 314845638 468439080 156215601 380762026 0 644085491 0 87679408 907622757 496021796 941391533 815904527 234767941 0 87209877 796178435 0 896936969 0 0 88455732 743919767 669331218 78388172 0 281532507 0 711126985 0 484851216 446441383 87351912 794365406 0 978923794 929310168 333618279 811670384 167410371 957150103 0 403460005 739204859 0 117516357 183451607 835353802 0 4078221 897982586 0 99612474 0 424351484 754921000 226224934 115799423 843815815 258193232 842867119 21273665 535749372 183350618 260508683 75931901 784594617 992397374 0 259525284 180892675 65257741 687319994 0 707864095 963059282 303942824 222959539 0 891447141 0 505981581 0 807718013 207107279 0 0 0 372559105 766430331 203923451 184871659
177
0 840632204 99914395 844769295 0 0 358211620 234929441 0 560303417 0 781526570 37515670 0 847723963 0 11862226 600788816 0 601913132 957708559 865058121 584547433 0 0 312027820 0 0 0 264227837 93631050 867535783 267578375 0 0 0 375895463 415536648 455240891 0 0 0 109238150 288492616 633090466 4156121 254203605 389390777 834726258 246741008 236495913 797443282 97708324 0 0 241126256 226334550 0 390709203 148606860 570015830 262642269 351067344 674705896 0 535634328 996125216 495115953 471944117 154486507 0 0 719641120 25968843 17822035 383455226 731205256 773397785 632811395 644766610 375766580 0 0 360377365 980037751 9604787 0 657682161 0 735020602 0 0 0 555102351 131205601 278663039 0 0 296434335 427043948 0 0 0 0 688590519 0 0 0 0 672012088 351803148 0 437133671 0 651613643 3013369 753673641 0 691318235 885317360 155164848 558886331 422393109 562311109 622290297 588691518 91956330 0 829538731 0 0 110080845 341711152 223949935 856477381 223731854 702404797 14341838 635692607 0 0 461188181 215025474 788831449 0 132247405 760526283 54292924 124478597 259542422 341203983 0 82194438 0 0 93009714 573873595 985718491 290062678 6578789 630617849 397792371 735711893 113690738 888390259 96405554 509692057 529886297 308366479 773188286 0 151862416 392328002 0 406844409 421203102 355513240
125
853935663 578583594 0 0 913265012 140608701 12328010 421733565 246620653 311784515 0 204305022 919395810 965592355 384786170 854620397 965292022 0 440665318 568753433 509744462 255562563 0 874659648 199775285 0 0 0 0 34785425 434201174 384060547 500194012 0 0 634928136 288791746 0 85463571 603503278 447668548 0 576377531 0 0 0 538657101 486680448 368643905 156564287 0 226600192 290910818 129151659 136810666 0 0 0 493721316 670701571 584598090 688700711 175565089 499805175 126761969 740804579 0 707838280 451392863 490560530 746144086 434091448 55152171 788997844 0 383422669 258571205 635787541 820737529 613427669 0 0 362443406 342230679 506453341 633846846 746054803 0 903146276 0 68872966 0 113152302 859149581 766787035 235222510 909731899 88931696 0 916736024 164636004 869470228 495119807 513758015 963828271 540172057 0 484344048 277810155 258971328 583313741 641893378 897166998 0 0 0 271291210 318461765 0 29472132 465820516 0 0 372368550 682169726
187
186236169 8832622 72417325 625413401 0 495288755 227077303 223739402 376256304 701472091 0 0 948996616 0 344799554 464239156 935892678 42215272 560760236 0 0 0 136635521 0 523701935 58911765 700086890 270227302 46343149 0 0 989788722 884786364 95829681 0 660742413 489027138 0 191373802 399549676 0 413862140 910411248 350812776 0 211668950 723778806 0 687049453 408842153 0 4631498 171910776 494022960 736284596 476401791 0 399051331 394236736 0 114583985 479708345 924559914 312476602 676065749 289805461 0 0 229740192 632535336 766256284 591309241 524594686 949947011 63814027 995346731 0 307383889 0 59441487 531499538 52443286 360436102 177120817 616874943 0 131100942 786278792 863454841 794220467 0 0 0 543378512 103282736 799348228 798082638 437937764 660622878 808475865 999533974 387142649 505164075 0 184892001 0 370522122 586898042 192983901 108686762 367967478 66825925 0 0 927290571 713190293 881703374 191980663 800131566 525695263 881806232 124361162 0 61741939 0 0 868538872 0 0 0 828736154 0 889434894 0 34259631 528063360 594332941 32565204 0 293857149 0 209858751 0 674462606 0 0 625122433 84007641 478117907 944233809 966944322 179758774 682559084 825038115 823044837 0 61666229 930094350 994119187 182917790 350451604 0 929381740 0 318434256 448866083 0 294449437 819349783 305538131 715478875 313067643 538060820 414055368 982000618 84756038 0 790762274 467800310 0 0 626418846 652453867 182668921 0 0 896792655
7
0 562285863 446466192 0 658606833 0 348215476
36
495636932 447347464 0 630656142 360877755 0 90206824 464822505 315994161 170084842 0 0 0 292834695 338176193 0 473800807 0 634375664 436791390 0 887075898 307406729 0 924133809 958251065 631252378 0 0 0 255127950 946652931 0 0 0 109104492
131
0 764384495 0 387548982 0 202387330 359256250 36242818 0 388808827 267331126 175389215 183506348 489066079 495298782 0 618552760 860107092 906477541 430728435 868543737 750136677 672324582 0 0 909911534 170235842 973635420 39498020 511902779 359095491 0 0 192845714 0 965790260 354104113 210180387 667973602 227096649 664095545 678593711 934841108 0 728798992 0 775479660 824101039 0 362575139 0 328680592 498401901 515741381 46889851 0 194516598 174880175 666996299 0 268694078 423252425 711482759 641996308 646692608 79062719 17610805 208849568 321246816 28726199 8144846 145134756 927354239 0 403599838 890314530 0 930596780 944391998 301027537 299699570 0 227697165 815605035 257132218 0 545447203 314913380 119159221 0 885586056 0 497598542 0 139075954 299216396 863432667 537928463 0 145981767 0 0 131999939 293739785 0 589312876 198418730 634109119 647922757 0 431561888 920169890 0 360110258 638918890 667395804 288640609 343031659 682093729 712911672 29163357 158399971 336853946 986482138 0 352596595 727046505 368637785 278042527 531408251 0
6
52954149 0 658503965 390467688 440438371 0
119
0 742768766 0 830639891 979375997 654607245 0 739966265 260396641 195203574 204810919 0 494355905 0 548212356 704215701 634013007 548975861 124983580 694801206 0 0 349856602 308062404 149463093 0 478908869 739321945 372325737 0 985098701 230192949 652500811 565095164 0 0 611124877 0 0 0 0 692182778 338701758 0 427194797 443338467 72133045 0 629934536 775811154 0 581583470 698161608 67083658 0 0 301710914 742085731 292178203 487209263 382291591 729085206 0 742836446 612487472 0 741362273 291236463 977606703 0 550612408 0 5272403 171619341 0 0 651605422 345833559 374280826 50952899 223818644 834512396 0 0 639700209 183457965 688616869 0 0 0 235032352 0 287312919 950189014 746957460 808245099 37666691 0 298665182 254216588 869552273 0 470316906 156108919 848533748 0 682294845 856000524 0 0 0 0 466162684 810253981 923381654 78450745 335541186 0 776639149
174
0 235794809 726002772 0 935197590 747127518 0 294214174 92851732 778526367 593066769 248606809 599938829 0 848418526 611053429 0 25998178 0 529871500 644988680 0 0 0 295548391 0 0 386310528 328796426 686434498 0 660269978 0 0 171167810 0 0 0 767743192 0 81337878 906928035 146124575 874393414 253147204 748133158 442065738 534807073 714280619 0 458741350 0 0 574582801 900115685 664274658 140266162 0 517507186 288887841 0 0 937392587 247352291 0 0 337768685 690507086 80798668 0 840248084 725226043 129894838 143061559 98460459 902733146 82192725 380052096 3050022 803599131 0 390993247 36641673 756808075 646862863 0 570503814 0 0 257978507 222391837 378927457 89995064 815980749 0 903329272 359410646 402465331 0 304379975 883139629 236851733 286591146 0 29604023 0 640991288 166686066 465793074 318453921 710831739 0 0 439920278 187537781 185382356 437243097 70202134 0 478442287 300740912 205695610 566347079 582743557 0 0 82672170 76039729 707699459 0 831802149 192229977 0 0 894751843 20488299 0 415799541 169361438 0 86425564 0 101026985 990127765 901657578 601788377 667476982 0 551921370 258146881 0 914612637 518157982 0 190297497 293079146 891091096 916933897 337365370 727060004 673828354 0 523901011 100425130 855321186 0 511520706 187726942 0 975066104 95821851 0 0 661771607
78
253704463 476404641 747011084 50511609 882369093 0 0 617117818 769754779 756858911 632362458 74070505 712793301 608797835 63754232 0 885143887 22027868 0 278294413 0 936696407 333847372 227165033 307837735 0 665058962 54465440 647589233 340597904 268078293 340666391 759521245 753749805 0 190550453 0 294206252 452265726 166482179 578792339 294905738 0 0 512666509 0 0 959417909 322003571 496425551 556332468 548607166 305047049 529355727 457128666 16317455 753694643 0 0 815402089 0 614781595 0 979180559 525429026 0 0 819306211 0 697494226 647208657 0 78355837 72528418 0 325922448 0 568860563
181
832265058 949044675 0 618061215 724826273 909086426 0 719894940 348835743 850462916 0 558589926 493602652 0 392538379 594633551 0 404334590 772397235 874154108 0 0 191686236 0 0 514150633 0 809782142 487376329 169390236 81147537 0 451225431 299516021 660873066 0 388167061 0 259916895 996078820 459790082 424298798 118688518 656408041 246692395 691899473 0 711149354 966231168 216760414 0 876795949 68963538 539631494 773192890 0 920319214 481586774 0 379975829 0 431581835 309304299 0 877067935 388365591 0 228231589 438002926 305053625 635886781 891239775 0 79747370 207106458 319672045 562363979 0 498771733 35737761 352387878 998009766 268980782 0 963073972 0 156991795 577081303 0 109176211 0 813306651 25957960 0 573928053 0 134497558 821642127 758073711 0 0 0 304925554 458991948 501824729 0 498873055 27625730 286972097 278971775 0 79911912 534850793 965045911 61360667 476535738 0 234916964 676693997 185466630 707250610 249443757 0 270882901 391297893 731290904 718552265 8328941 63489312 727025317 654425713 23379415 561413413 722756531 519084286 0 145759616 33787761 555924303 529717583 922456780 29003664 204555975 0 217713281 662062920 0 602171960 595273315 503091251 898629447 836463796 135469044 0 275470403 569802167 923220177 557773078 0 239091627 0 42475575 673837456 268838569 638744586 0 304912492 479836013 612151466 832293294 914846827 95955555 928957262 0 24396785 289547890 761810191 511156129 0 0 843459767
58
293296149 374031109 707228896 375582659 926997099 358942599 298349186 802686422 281750189 397423121 0 629359 928515548 690214859 664972936 693912983 61105183 860838723 283629977 747382440 291316751 677528153 370482268 0 375701579 10702247 831229972 664589919 345506628 0 871686537 0 730569884 450681091 816603738 0 227548620 153291686 657986801 431978587 892019300 0 500831524 0 188574577 582753779 108471388 0 584074090 0 412353302 0 933910566 419978523 759974836 90142518 503068661 813624638
126
0 477183877 0 0 928992709 665988389 824607827 76041475 0 447751374 0 498404258 673773999 0 0 896594626 0 113983618 709610400 272536997 453796127 975668583 90079871 250221923 129113089 0 576801944 536833865 28415000 0 511160838 923703838 0 0 162596626 0 372070854 310238747 0 0 0 391714508 0 313264721 488764144 0 0 243677932 0 438274380 0 0 741078424 513815904 230967662 17664714 0 0 938120247 0 0 0 960041170 275988321 414347723 0 532503691 325296837 104530470 264510014 866331171 403457361 82343898 443246685 0 0 0 677434765 79603996 0 126622824 772327087 687352362 581765648 852401464 0 185004620 91115258 800687712 888625187 700219553 0 185248569 0 873393235 0 817452453 728380848 0 548589553 163001605 0 0 136985817 0 923841274 724635035 0 710141847 819863169 0 239953588 0 522621707 575930291 696830067 668416871 597864408 967426179 171190803 363926419 996716042 717238779 578035386 0 0
109
550169510 0 394638855 806791318 0 237295823 595052295 0 354438343 991900782 0 899771551 504404526 72480034 699023035 0 151102478 932328298 0 169528490 156802669 107645277 953255565 935851482 0 526495200 787445756 0 575144070 0 0 879696446 0 0 698847589 723923293 0 978675151 0 123364546 765903196 0 953383529 912756649 0 330629091 0 480609355 255789844 151588939 766683899 0 85213523 190151755 903588464 0 319357830 878030663 292298628 404790558 989037274 331903682 523223317 736443919 408827881 55106202 807339295 858046547 640483924 953200653 636169830 653976248 0 875647334 0 0 194132930 0 38649653 0 951428923 169485249 804598256 184583702 237499670 710800527 0 779611419 156093270 0 267959737 0 728097183 175671428 796353967 163063851 832158804 474856542 535489200 0 0 999255964 8512652 350698575 678533956 799603418 0 576343785 772375253
79
0 0 79903654 282990223 381232678 242315056 972816564 454723605 969066366 905474497 803773681 936204100 427560495 0 0 924191809 364500831 0 553687028 0 733258808 106535090 162765070 0 889480697 0 368418565 0 0 83252138 0 0 555271125 471760801 3845412 682862296 682855322 0 272033768 0 613005266 0 0 559181185 219720343 0 0 758952121 66078030 447821336 0 446554359 482088899 51268509 583585425 54351444 896227303 688189142 123623062 360773205 731942743 0 989011948 170059481 349928547 767084079 638724897 363700040 251023083 134182749 0 0 114544988 50696310 138150359 0 0 317982687 884241953
46
901537721 397821883 150474639 0 791817799 368486050 723116141 0 825837778 101501769 480504844 0 12534857 0 0 584444233 0 0 0 0 0 0 0 469676073 0 414461519 588543954 354098945 606057319 74325867 505410543 470360713 884342852 0 0 0 113725418 611081254 253666190 0 0 5378709 371619071 209162529 0 384087090
18
99736071 31142922 982927913 0 20543111 0 958005744 813183726 0 957553954 0 507818262 0 946959360 457645830 811813319 897269474 0
8
309719517 44099307 849293044 0 432896881 268644435 320250702 0
129
513982607 712847334 581377626 801734479 286414348 430037544 44246319 5091994 689876098 567357250 0 910160673 591418892 111089561 235440612 584287942 721075413 210119431 634410836 444399094 840739676 77403066 660297904 818591639 203848838 84399314 0 0 795914155 772673117 0 0 944988698 0 66649149 0 652187060 475957431 996895233 578567807 0 0 813648914 0 356251247 725132160 852208777 250883783 0 374988115 325956611 527195076 46346596 0 642878035 969836706 105275432 0 866761610 0 94853520 0 293186191 329450498 0 0 746569199 901195078 0 0 760049790 611181161 406931295 0 457686109 834792984 553965595 0 271534087 100630818 882433887 302005975 327409467 0 914215086 296312930 336209103 525605827 0 0 830034704 284367061 369457304 655930120 206012209 248715765 761428484 0 643439758 42232596 946722338 0 34000374 701646803 921728206 0 811334991 0 0 751094819 955250713 966113019 0 748766621 982691361 546436486 0 92341983 495354339 658041041 732280499 145239196 0 0 515304230 513167977 0 0 0
25
859771549 0 525554969 684065098 166614972 569932899 576419276 0 134977639 0 0 0 569585534 0 982528072 32965116 632270086 0 31249183 648140835 0 0 764319927 0 204064336
113
371892465 337233570 20404055 650639199 47091688 17535398 0 451445669 0 936994303 846399942 256400925 204455625 353529365 137579244 198883589 284873174 0 0 0 0 303497752 0 732731519 868743953 458129894 328610317 839114031 586191008 291248124 0 4368479 659436829 82373067 170094733 78632396 146957349 30390667 638201102 228423821 74225595 0 0 427940973 781053587 111927310 817662248 0 0 795394567 195011719 127948156 509078679 205917170 0 0 628812782 0 705762039 383954758 254771023 611920640 109900647 0 842827096 796718238 574290428 237697201 837070172 339648531 347780945 354283228 775942094 67954792 822971152 51851447 734001120 713369970 818016807 0 127220173 934494709 480212338 0 930083000 474150696 611338170 0 0 0 461887995 312848830 0 716737888 0 660323909 0 0 857727961 582916457 682546329 534877381 864172124 510480429 0 813317907 494888119 386339435 719482342 468830821 0 0 587468594
170
192071033 251843827 859289635 234511910 300195143 0 180633357 324444208 96439 644454087 237682695 848155112 193255441 830689286 0 49492220 0 614307821 984925067 0 161201221 266636942 0 428688760 947426124 86351778 126263385 747739418 706043962 420304899 0 832018867 239024283 356497462 522584508 0 284525236 277134431 638972042 260857773 137102665 885900191 434185198 803697636 157591887 956306492 408623910 597222475 577431237 906091256 0 0 349901904 749846880 892180137 237858164 356254188 0 565064600 860144078 433584655 0 147704459 0 0 803828508 586365682 882421133 0 0 323088641 861949817 0 0 2577776 589963125 0 0 943333370 0 0 94025154 694873867 591407503 0 414462126 250248626 0 823776606 0 0 0 0 0 594067798 169570600 604508094 543105492 245941042 632225806 621633373 155704945 0 29749104 618128720 798506583 0 99822948 979024809 719527860 843035805 184350590 0 636322507 975967938 466279118 574507488 372472198 646175009 131641467 490760305 396338894 0 579916767 190714387 0 903376317 896104385 847943407 562938689 42996946 0 432249068 379166962 824220501 801360826 0 90774370 473370085 85502199 687947422 746271633 922602650 0 72691259 334789357 510939418 359940650 0 666609159 0 216679466 653814071 613498050 828221995 0 897679398 45532993 778761741 0 0 0 0 199712177 503968685 245868805 987868698 0 938400866 157961936
108
317559892 0 588918382 0 0 507895861 977370406 0 465706148 832073784 0 0 0 0 253930555 0 790759268 0 414091841 982366910 0 103155467 869271828 505455816 63761569 963747323 729665860 0 393985438 0 0 25150527 392733336 972895787 30396443 443425464 0 561436875 88001587 0 50130978 109155328 440696537 388812487 208790942 938559633 681008051 256103187 0 0 0 42006457 746504565 901059294 0 0 454919390 0 356875730 0 436097714 0 271896826 43940339 0 0 147205956 0 0 423199380 0 0 0 754740454 374261587 0 236129341 942742308 465195510 0 544724064 543279979 68360136 0 394815877 260560629 0 145069340 916732550 264458115 57694725 428598600 0 282516738 0 0 73921508 0 0 0 0 820223080 0 952794043 186883652 93689948 729464185 82194388
46
804234091 119749739 182920715 928382122 0 0 783079857 659338161 0 560492404 271203598 563642536 579438956 0 991650864 110075474 641923659 185251899 0 267193791 442802124 0 495068501 807677475 86235278 439850672 127539754 0 175692922 452071588 934983116 81355091 0 5837258 76219654 605612049 666477489 0 0 378519872 413578950 736972135 0 0 838113857 672115142
195
129927708 262948841 457906915 677170931 732243278 28045147 174187150 613976486 0 534681072 129403970 417252707 861289335 600341249 618788244 645395045 23716687 150345870 6913588 210639902 711535319 727457888 0 112879468 918308494 444855905 636225700 538656887 0 413211750 414169683 480095501 9683450 557145704 379047206 324776665 838792751 262804711 0 457130240 979761841 0 0 508966548 163096351 93012410 0 912315634 536527432 846327839 0 0 956862041 52543993 696819056 199121515 596941344 0 568723725 161654597 228509364 817393081 724375568 935537901 889397675 241440109 143147860 0 691842957 0 78616460 191363575 0 94031732 0 451127864 151857246 0 114121503 267003266 454058104 0 0 0 468623502 267285745 0 535372130 0 0 304583620 0 772446712 574933631 533007795 860912944 0 0 32416534 39659944 0 0 0 0 996611843 907563597 193990526 0 821466961 0 989073543 775723499 0 150947833 599549567 90804865 608783424 260683607 0 670553022 162718350 158966183 92792303 154334724 800052972 0 777491095 0 127149174 523169257 238537412 0 447149789 880042899 57166416 453945983 140654523 30896325 0 554418702 371858634 121859406 260643718 958399137 0 0 232308287 424683350 11007331 823183628 0 0 780502659 500725939 0 0 0 0 0 0 145030587 290583345 981817847 465227500 283311226 0 0 0 0 0 0 0 204566289 594370344 0 948194693 346740352 334163732 0 693559178 154328909 648615765 0 246020860 880303134 71275959 455857328 0 0 423119323 235566673 0 484282872 0 638408503
111
145091599 874354152 0 703876776 308082230 913206914 162090305 324086896 256622839 586466790 444103368 0 644165722 620968736 919942118 483251328 434414421 0 261280986 0 715533100 0 680357036 0 0 41587550 468229336 224749058 0 433875648 415810254 6334155 194941905 0 0 754721404 0 376176925 151221431 126146513 748143645 0 983202688 81727037 950613962 488639250 637749703 202997038 269966786 546909049 802176506 0 381575702 884197714 280300468 966928369 302874511 331398949 868701848 642875159 143495819 0 0 186313405 208658604 0 532021952 423080834 0 0 277034901 639335040 885370676 933185157 364803854 625020975 0 0 347308484 239984790 0 865133693 0 0 160635 511060707 433900306 775112175 955534874 877637528 974691233 470524036 31293373 568277387 198065896 282098556 0 0 0 0 0 16010700 38076419 0 670973518 0 49558285 0 0 79407474 0
141
559311943 934703193 0 72943663 281172393 649037045 172968925 946663952 0 0 833131090 0 739791520 204143559 439141722 921360131 341342751 511109326 624416440 564961637 247685401 681650679 727155536 849517199 0 833275883 916097166 430799853 324336824 286836941 871099987 849900014 608982500 0 166492397 0 663448701 472531207 454631251 526769735 945458079 874470246 320928295 106022062 669447243 0 0 709179301 920182140 0 0 440559843 321297974 515316609 358544338 45627844 0 0 373672977 0 631884007 212184425 319791970 538359544 0 0 332348268 129355426 565507049 697269378 366475420 331186846 418078169 683542949 258832145 779857271 607211003 110172022 0 796760472 0 545131835 0 0 650787644 785415745 95023417 0 31734190 0 488046696 0 0 960422669 605725501 0 211432967 49362531 453196378 0 144429640 540858798 52925964 990412185 0 794274387 0 327539324 710496860 384402085 931906464 764048979 768751805 0 11360900 793542313 181521599 585884866 37430395 0 886801775 277396636 956820197 477132521 307148745 0 789718699 841922112 567362987 0 611537012 625655588 0 761075034 713295834 214213186 0 338709259 0 37236268 0
138
307365239 100643565 252997014 388965726 0 0 0 0 34397921 258320186 0 0 473722769 141548289 955018996 715769698 774865057 62186652 0 926648236 523749363 434901659 325322020 442886704 22524400 0 851632260 627566936 802935749 0 97227768 296335068 0 805202549 442212789 598261073 203024718 680123667 68723644 225443333 0 0 606382174 0 756644976 0 801127946 921417981 186992521 882840335 559070875 0 0 0 0 704505336 470807859 0 0 607422082 0 0 954732349 969369755 153287504 774272885 0 787125772 665871911 579712399 251324987 157303183 580564263 0 0 728668180 605464513 339685594 265959276 0 17888547 774183317 0 131343604 626236535 0 356031162 800158688 262769808 979862842 0 0 0 0 373885722 0 32723353 582299645 190421979 0 0 94157591 759906565 677312960 574169621 69784574 852164310 0 823613098 364453295 435357600 0 0 0 482023017 817966904 26380118 322942316 168819601 56173087 755115981 0 180062079 950414641 146536946 615921635 270467748 656523997 289433424 0 193850615 0 0 0 23951649 678516913 0 146325314
148
0 0 658305657 194145890 864955988 0 290875720 0 567259665 890765477 0 0 411882602 0 0 0 421759525 479008176 395986734 177380889 315916188 215623906 957105831 610127326 195504336 214770997 436121269 73784315 0 957284646 0 790915764 0 917080737 181261362 0 0 0 431290595 457819512 668121043 0 0 4949152 842042793 997605335 0 456800544 325001876 819303701 0 0 194427229 0 552421490 168304947 858041975 510424870 277556086 682259532 662869752 0 0 720691140 0 0 189061298 605809188 0 0 440764438 0 110993695 0 668746004 723094741 70111807 217522744 295106483 485796643 903762108 0 0 233666035 0 0 923242446 374727608 953303662 227033390 897460263 0 851677083 0 0 152874505 0 874484864 7900501 155696480 175056232 993860444 4300637 62880597 168903977 0 869348379 222111610 42300800 0 155234044 335656016 353415518 557626291 798844344 499867296 150737169 568971920 113230439 810992197 483027042 229867956 0 113631897 0 552956415 206241897 219545543 56362847 678003823 14285660 765909622 0 0 52287732 0 0 38830662 702651910 0 590387885 247744620 619946404 0 385073132 0 571917100 0
19
0 970719461 210490566 0 872540143 0 207660486 810374083 687771506 293076133 926078019 720385000 0 632859984 0 0 0 0 0
110
0 336461114 0 469258426 879908263 948558861 10630209 731584723 0 0 215920798 0 177710725 0 0 0 885567977 0 425765516 323762623 266666280 930189905 0 233631630 257556028 476529233 971366112 0 318060629 636530518 0 902539235 0 123557691 909349377 869064480 392016748 409185844 740635630 840430298 0 645121844 968453599 737757276 373722343 0 464020103 607178892 0 0 999696611 336590578 780444902 332395709 364375130 439079276 45203817 0 201821596 217303397 955074618 0 682684621 0 0 153984177 421261641 0 0 335342241 190252923 278943579 0 0 813686628 129035702 0 754641832 257588367 195516983 823160572 72464915 407375146 515611126 0 195447464 344395937 0 105704727 857110657 0 851340182 0 851551188 863036425 0 442634110 0 3530499 371055809 202639530 0 199656003 689982345 514391718 0 386916749 0 775414100 750031875
72
252443578 428085401 95727838 621603006 932667809 79297402 0 330475713 504941943 611212711 545856347 463763163 117606662 346157289 0 807181301 0 103776399 0 261801241 424761653 0 230220939 0 13585571 0 0 0 889766061 157044516 0 477567894 662360415 494296036 235158573 83701349 0 962061289 586671464 0 0 686838615 455034140 835562807 354378241 292562502 0 0 13975249 739614851 278089065 0 235606965 204545864 397396814 17890745 794670764 908283693 507498715 0 686495601 0 297976249 687611867 790511227 694467687 982947599 354014041 407615582 767061032 189285906 0
124
869527771 0 371501042 200779650 693488896 617839450 0 487940287 637118993 993603893 655043100 908964236 174008040 579489932 0 142245315 934784065 625629763 0 0 49470178 146725854 334270573 0 479615183 0 552807167 0 0 0 921729835 0 0 292358188 662212331 0 756205598 874279311 353013486 45021964 629271259 496649637 248138200 388209172 485210604 0 668966844 0 231392464 98945754 944515744 545314226 0 944174229 0 0 355568286 894236125 820067304 192996036 0 867081479 164985932 0 0 0 0 0 596419993 0 230378469 0 424860510 34814771 744193420 0 0 510865250 350029580 62287751 0 335790937 407050602 0 897524319 945485061 294339703 0 285879832 0 188214315 505206777 163370277 394438438 797161897 425902358 704824830 143731882 650831617 527662176 937375435 752197668 448162032 66431492 777827346 190286651 781737943 746281862 800852752 494931508 163807618 664123401 548346437 428746852 868532578 439362193 0 397343165 606742224 759373500 223272385 548534488 0 159219185
134
947948022 0 482879440 765941543 0 831858656 473446485 239190767 432170196 924149877 0 62617144 536965123 148197979 990649439 788121775 170208249 0 472947032 0 895411810 913695200 682564304 250049574 150656442 0 65628909 764446886 576960810 446155977 0 634533346 337105444 0 714462516 0 0 73584252 938450510 2161764 0 826193767 0 74447954 0 0 0 156791890 373677339 518840858 0 0 756551703 0 0 636427170 171371884 0 410152992 354087479 419925473 0 225579596 0 797178625 0 310111396 19414018 710049958 882647530 109802356 0 324797215 0 248410288 913457804 712559803 0 403285830 0 888795986 0 0 712480919 0 0 321293144 471882095 0 699333820 0 327587158 710075517 188447917 0 0 0 446281398 100030187 32041556 0 663288878 711444531 0 707377702 675104185 123162057 942089309 0 0 443851940 227581406 0 0 988394714 888238725 291511950 676330433 732928412 0 827983746 189234581 308251865 838406772 619882867 219345690 0 0 0 736761436 294061435 917029281 0 750952800
13
397295522 0 0 387766935 580916051 0 356461059 608912332 702209108 0 19888025 486440371 0
174
56979235 0 0 368238024 776183643 485851761 0 0 0 585108697 594831287 0 0 0 77534289 0 0 0 547666013 807544615 0 608350982 0 290511006 0 0 0 0 0 0 388216336 746252495 0 0 777674745 0 0 0 715942192 0 791575822 553371941 0 0 0 929173604 0 735519069 899643656 0 53695730 254648194 151325058 815592433 204759916 50143354 595327159 991429899 137600304 233114731 111441779 0 724867635 445527355 125645560 210782301 268743534 0 0 570825672 623033382 577386946 58474852 0 0 547942006 192882616 291116677 436400457 652140632 679577467 686956967 194964970 0 191980426 323816462 195901726 158169685 0 691046836 893965174 206709456 428100797 515373209 484547889 363694716 208370976 637816069 724825433 602005324 0 744073594 0 83927722 934579510 231432478 878687353 923390246 0 213200607 958850696 906222644 0 760749065 0 515029324 859164224 0 201031087 318124259 201460139 2094760 760833203 0 438341765 170368798 0 18993711 704857869 211576544 807343758 236022833 149060258 943216066 352803299 105858669 771246066 0 0 0 198945434 440810262 0 0 802209752 43486063 0 702360907 822913894 408440240 668310492 638007890 0 678756533 607832876 0 217908578 0 203733258 871656916 0 413079927 783372427 457519999 227676055 0 990164225 0 263920377 639125003 365836793 417904978 295814691 178119749
88
0 954589355 322047929 332827624 134427811 723642178 93724129 0 940916740 916702461 364201569 576143318 169905990 905257696 731672977 896977635 343733936 387446974 0 826112994 180877878 0 685527768 0 0 678448690 936817833 80037230 0 860782246 72881873 533033096 0 689081747 0 0 0 0 0 162185283 758822125 577998884 0 0 337771992 0 378191506 108913842 216549396 767575378 0 940336327 815960143 766050838 627078353 489249530 855912865 0 346854919 357445954 419180513 662242729 270288586 9440031 0 0 0 602033142 887800583 0 9815864 0 225193434 28914265 151480101 923960253 216876604 454614126 0 874659861 332170862 236905347 541698032 681538725 186654809 0 0 348428688
196
172403819 789457962 320078744 299030635 472642481 984714166 580061495 0 313562775 0 860810618 891547549 179169463 739338984 307953270 73052619 316148323 0 154587155 322308623 0 0 0 0 0 0 72404686 997412972 0 0 985694920 147880968 273407780 68845523 0 456049619 995262377 576409448 132811258 0 0 172043808 180615986 892666092 0 70135385 871554479 756561002 0 0 938465598 0 201339262 225559911 761360541 249946335 166418336 486476454 35725668 440065520 0 191800569 190268532 0 0 0 323379789 0 318000572 920352752 0 612373545 735159328 228338778 491693655 752349380 0 640329283 477246575 52928866 0 45146822 350239710 184147543 495469096 781127839 395929197 923161320 0 713927229 445145545 0 0 471794597 606578724 693714358 0 379720831 0 688051723 778636973 714488553 678748339 0 368337539 98617526 0 916670780 0 0 0 424222676 0 184770236 472561538 0 939955821 674483858 666731050 0 346421796 188979019 419972534 0 384590251 718502941 362982663 793527808 0 0 272331857 0 0 458655910 161264236 241046541 340345781 751588609 60586141 292734994 0 0 700934280 0 650558843 0 490894112 0 0 295162551 152964725 848008415 880557941 0 303980609 424798061 74452535 0 386811601 504618511 808273797 75079942 993616675 0 953473069 313341095 490262625 0 163948765 3846240 0 696966617 18254916 504738721 671943302 0 953836273 321932527 52506594 0 0 520726633 404628192 0 865862826 0 855093270 632020766 0 645014879 0 427634767 783411847 0 600787130 2924448
125
0 155056673 10048684 133287458 0 815362846 22025800 709758549 0 282708583 0 0 256745616 745047347 95831440 928692216 0 498186019 0 165602004 0 0 514211371 373402608 0 106166593 0 269413410 0 0 0 15754356 783859309 78839090 47905832 201332219 257765277 890718312 931278511 331822173 498887662 0 128266205 0 382608095 125563029 0 0 775006355 0 763758109 30661756 870225715 0 0 0 289696272 0 432978170 144596038 0 0 647563556 361704521 0 0 942971267 0 485279249 0 84584721 125017059 981857035 266293385 193013353 410834649 0 429232625 726367789 0 0 795264689 789226790 888891050 0 0 0 154765023 0 605932185 0 421849061 857127119 641529304 0 0 315783725 0 137767661 354475407 606859381 0 431091640 0 0 170721494 259206242 788999856 182542244 0 75438552 13648295 223021501 128744459 0 245635549 411996107 0 824063358 681076971 0 598349802 0 899998897 119941820
107
602755853 74674477 201829358 288505263 962807754 0 343070337 0 0 0 863486590 85615160 0 460772990 0 686716563 980375104 0 380948026 774576234 436297382 505494218 42367427 227189386 195048631 760332768 179814347 0 481829956 440067029 84987754 503132418 992687989 0 945588115 961970584 811997677 0 0 0 571689414 613006198 0 945939823 0 736072768 285976309 603138107 303137477 0 0 0 0 336977506 460676890 0 842986974 843549196 906198182 806912932 0 503600197 0 35546065 94526205 0 0 0 15590813 480572914 0 500614342 755834960 668350919 595771845 313793460 201880588 337712754 149297517 857223146 714097987 0 884305 875268467 0 80785351 0 549766626 31871920 657635700 820952202 277732486 237138625 119289454 893266660 205242840 512930560 839791312 482272353 941317800 0 604021740 328030236 845103900 0 706861490 986436027
6
438402562 276373121 211629702 898110302 0 0
78
0 829843290 387550630 0 76051756 232150744 932996333 0 908946817 0 713900647 131451333 0 183971487 967416115 482228724 91381085 500471373 207822777 928382333 630810604 793584703 33731587 974777087 696221244 811762160 405226110 0 386463346 131991225 359306556 706796472 418755354 0 0 743976074 356238450 0 0 436878064 234737243 802831142 942167695 0 277182711 526378318 880199006 751721703 959923311 167661795 0 244359488 632974805 171863439 580116276 171903220 0 395800896 857786465 641505746 0 317232665 217281271 595324888 454092320 0 729197838 881209191 420118137 455732641 0 219658099 321158069 0 57876514 797064353 667714273 0
117
371498238 0 0 294272699 552080361 200149767 633428593 0 840109818 333139142 0 71685422 590249462 0 701712381 13495527 979932087 0 0 258705566 950255932 0 0 726742124 313451798 430590366 249991005 0 767025666 26775757 681261955 139988030 264055415 529717527 12833348 996383272 0 68711618 338622087 264302367 973322481 0 0 0 972785117 0 795405883 262748729 274876239 334564658 227225314 692715459 153883534 632065755 0 749961502 628441529 0 0 119105193 384095494 0 400492470 326087821 0 323841161 0 544684475 415294162 427680511 537849872 245421166 833958398 19651021 930266156 62029118 0 913664606 0 963252017 0 705676708 0 411742903 0 975191187 179790947 0 509858494 605180752 0 479752197 0 0 0 110495510 0 512101224 0 419899490 618254988 838354533 0 0 0 520504449 0 0 434879449 607077348 0 378435281 637732682 664900602 2281898 0 741426056
109
844270764 700268302 0 129896272 635155141 162079225 206573518 390537883 705654300 892141002 591878518 977567651 958689184 325075036 632995295 0 0 0 247327190 654831760 718692888 358793345 0 904412705 727484829 691895000 672580496 606199 229113732 0 0 0 914567672 321691071 0 0 0 346503592 0 526084818 0 168646805 998203312 626758173 0 608566064 0 886014567 688739176 283521067 0 0 0 0 757800425 836447333 968869718 0 508741565 278138164 522644944 723277586 941387897 0 0 0 0 211011179 0 667973235 838538900 407863858 707090791 980224579 287153840 0 688407329 695235112 752351947 294986740 605301392 100363393 580918156 0 564907303 5982405 24870971 0 0 0 0 335763304 778681794 518720986 0 888307958 396757840 85046149 0 927331028 432395063 110907454 564305963 736017089 529268047 785047494 15417233 779205463 0
198
591552348 316181965 204186372 942174621 826723372 0 0 738320174 779661721 65578002 996768442 0 0 765025231 998658176 0 326301319 605604005 889198532 0 826937037 0 190825534 209772993 130411831 83247241 882233724 484203423 468576706 483555776 0 917593937 0 294086473 66626453 391830000 0 0 300963375 241922293 0 629306746 947498634 667933040 0 85620324 362769571 672747298 0 44080987 0 0 61783321 194017477 179043325 573185978 972942768 105563575 675200976 0 0 286711498 184498232 309468115 8251844 285531929 579977913 0 0 885235185 854925259 707691692 859891120 0 0 738254668 639851070 578171650 686925108 805468924 786474535 533381804 521890815 0 0 0 898684429 54928983 554451749 0 413422247 653165594 0 0 0 841557513 374120294 289256825 0 835948185 0 0 908708405 0 676700657 32786221 0 691688375 35861962 0 61359321 0 981898615 564262049 377624121 10590854 958467025 251944266 198371325 321956217 481625343 0 0 765772010 0 395437344 104884471 0 544363219 240280441 309525111 0 241061737 0 271901913 926257115 0 776861078 0 363893507 456507867 698342197 278782103 293053717 796784308 800369412 688255054 786149063 65363781 0 0 0 460414755 982606501 393585015 88476092 453466997 0 214415138 340189757 353279001 0 503481841 140093061 303798347 545489650 581830968 0 0 228243765 0 819449403 827343251 464901930 927602471 0 384236120 932552555 0 343743945 580410002 541452030 0 256910675 91577338 715841570 302892531 258971110 0 692239828 620979046 0 785414924 200893332 0 0 987204702 0
47
637060975 920270014 19702578 0 844236106 278102322 243005558 827938883 639710778 94411697 763857806 189494144 252329486 503427956 0 0 34880492 592822651 133758944 0 0 344494045 333645944 165131217 333664823 153921521 470864203 458791605 0 622236658 0 689438048 927527642 304932947 887552134 0 0 735330286 498503435 158489322 0 0 0 377637324 0 49218293 980348167
30
0 758729146 482671750 681239275 427038907 417064890 209089516 118512286 929285314 390080818 834651824 0 0 666843677 190486421 902547612 0 620795697 730379549 174667990 573583313 93982539 98688362 0 0 346985842 87245500 0 478194155 178843758
15
0 577720586 0 0 441747063 0 623923655 0 850461890 0 492709351 0 856889270 0 392748653
38
879151396 962324550 0 0 948255689 454974101 169829589 517841595 0 0 305340362 268218693 0 0 0 24265302 732908142 339247086 504344366 446712951 0 882584692 289064646 83871301 0 956021369 0 0 165877066 911361797 391431208 0 383864143 385254638 975375277 0 16423377 334749977
155
0 173966746 869426942 284068808 508614382 692773281 450018807 824078648 212995042 0 96753 281699045 208976844 0 171568739 0 273967883 327082255 872434379 611008698 419962749 685626084 212529672 0 690644544 202851714 0 82224979 0 0 0 0 705120643 0 516364538 854388252 975689288 600414440 262497924 0 754892809 995004312 0 226229475 615922103 456568516 0 154305762 608466894 896571477 0 790475813 421414858 612857478 0 62876219 797162383 371486138 264254071 577010532 781461346 0 298877314 0 0 0 389865801 584536712 821537969 199547129 619745167 539561875 186615213 366448850 755361472 317304614 321764767 309684364 315751518 0 629275562 0 0 0 400697245 572716500 511782226 577958094 0 48255824 454517244 93136056 971124868 635109946 0 80641195 0 66403753 0 768099050 279848571 0 360907105 563385915 25568375 264848181 269215220 403130275 715679476 123073379 758726808 666177709 0 410446347 340647824 280197398 0 0 379393873 998993399 260462689 845818483 4674542 584063640 0 739282348 382705832 550562599 759461222 0 0 948944522 736395666 172435248 895468357 0 557030449 0 0 150490723 758370533 851263848 825299692 764803740 427884611 0 629748679 721939269 697274262 0 295364439 0 183636580 693406177 0
174
807673243 0 0 707567358 827582347 862504437 0 788991231 0 621097200 976949603 0 480254635 461460113 0 574012510 566779740 0 761366423 0 572000194 97532705 0 337842587 712082410 847070628 705600213 118111790 0 0 624828564 799892292 0 0 0 452741805 0 219265418 253261354 415792756 351789652 481300153 346735387 108462249 603762334 852560313 692727428 81544369 0 0 0 459719582 829307659 404251636 911521108 936378792 301976354 0 555513747 937079497 0 0 590818587 726508123 69024240 532489606 0 844911215 755268189 60925651 192646963 0 619496936 917241988 0 276481555 0 0 0 296908054 0 0 293221874 474074586 146282356 725400429 629067201 687572719 721325805 972393166 305372418 370713658 574565470 727423975 0 525942362 800184908 450308079 0 0 0 176176979 0 0 0 355543725 0 716916911 271187545 244569047 670278461 22978420 0 698431586 0 351537353 871902454 627465624 427091114 0 674638402 609225090 779733982 0 477116507 35028795 901892637 0 0 0 365348130 281877260 22574542 508588977 165734667 0 420647901 907916859 240213426 999432562 787823165 7507065 897809329 0 855835089 419818643 179881625 180664713 254208774 0 155940380 437688733 0 0 0 445184678 0 204226105 845639545 268107211 0 0 624732005 524434820 0 721772408 632874251 0 656152172 0 603098623 137471633 615629273 830879025
168
775253036 0 0 262946136 0 0 942322304 721186219 374281036 649902707 510558902 997160078 244795663 138871234 550491533 427408220 744773648 633459340 0 584647035 393724936 0 950314664 835302254 875564348 870852660 337162799 369624010 784980106 728503917 0 0 0 0 400091429 527207460 103465325 0 422548098 108254254 328737451 979995944 891837065 864240920 934211855 256950741 272485082 638658549 689380940 88248851 0 629607903 79258842 0 0 93382122 0 959963330 0 513662699 513474242 0 255859692 16883344 783320357 29559523 480695625 0 544690558 224031584 182940005 0 348217527 979228992 0 477382153 937240122 751930070 0 127370441 0 0 277079301 637601398 0 0 0 609868748 422257354 0 0 0 62149836 0 411195794 927949587 0 801499157 831764593 525563309 468460026 705114457 309617768 0 21264037 358410016 352602834 0 3274974 843901724 172275400 0 180662457 790528203 187395174 37810840 706629407 0 0 869154270 186624773 225767305 486840178 790827401 0 0 942406415 136852817 0 0 600816194 0 833363581 83787791 0 410736372 0 19523537 975384479 0 0 0 143712147 286391179 85786685 0 0 0 243118679 297548601 433661983 399643849 0 368314622 313040733 795689447 0 532509920 723522247 17553809 0 259692941 0 0 745789769 986230463 878093637 750926196
169
16795142 827421827 0 256558648 284079855 0 0 244825878 0 87459056 629927296 22019754 0 578097635 877191781 915276002 0 188004252 680803931 1270136 0 0 715688256 307834819 0 242369124 98864643 0 731262814 651952715 690539257 0 0 0 224312175 0 0 87961937 185166187 562428832 334615933 689573739 468125422 382422793 0 155709730 376433904 0 0 686883355 768571393 437924673 0 0 0 520120312 146129708 418898862 0 523450952 292536994 936081422 845430497 0 64089684 98216018 950021858 0 284733779 37369130 265958016 318987845 963086408 771646647 637820540 563016080 208052514 940661415 0 0 687886719 0 512704648 0 0 0 698051374 199440242 824308522 329631747 0 718626340 0 0 0 79259423 275126556 934601541 0 20277127 59207213 594584593 367473084 0 107116931 684257174 189267502 857375082 997413980 553755011 0 78136066 83385023 916482417 0 0 993161786 0 480021783 0 244237277 717308513 433888199 0 556381024 0 88730351 674784481 0 0 735950259 238195693 0 0 679797391 431098202 0 293624372 0 672070285 849557036 401701085 776899477 25522748 434980767 0 464369380 103760756 975533686 553707766 21636863 882932416 686301276 515666315 0 464627186 352071182 835796352 955007343 222233124 573522342 0 0 814451665 324869464 0 22867197 274898585 941388629
